# Exercise 21: Magical Multiplication Table

Print a 10×10 magical multiplication table with the following rules:  

1. If the row number is **greater than the column number**, print the product of the row and column.  
2. If the row number is **equal to the column number**, print `0`.  
3. If the row number is **less than the column number**, print the **negative of the product**.  

**Input:**  
- No input.  

**Output:**  
- Print the table in **10 lines**.  
- Each line contains 10 numbers separated by a single space.

Example :  
Output:
```
0 -2 -3 -4 -5 -6 -7 -8 -9 -10 
2 0 -6 -8 -10 -12 -14 -16 -18 -20 
3 6 0 -12 -15 -18 -21 -24 -27 -30
4 8 12 0 -20 -24 -28 -32 -36 -40
5 10 15 20 0 -30 -35 -40 -45 -50
6 12 18 24 30 0 -42 -48 -54 -60
7 14 21 28 35 42 0 -56 -63 -70
8 16 24 32 40 48 56 0 -72 -80
9 18 27 36 45 54 63 72 0 -90
10 20 30 40 50 60 70 80 90 0
```
